Number of Nodes = 64
13 0.166666666667 -0.166666666667 0.5
14 0.166666666667 0.166666666667 0.5
15 -0.166666666667 -0.166666666667 0.5
16 -0.166666666667 0.166666666667 0.5
29 0.166666666667 0.166666666667 -0.5
30 0.166666666667 -0.166666666667 -0.5
31 -0.166666666667 0.166666666667 -0.5
32 -0.166666666667 -0.166666666667 -0.5
37 -0.166666666667 -0.5 0.166666666667
38 -0.166666666667 -0.5 -0.166666666667
39 0.166666666667 -0.5 0.166666666667
40 0.166666666667 -0.5 -0.166666666667
43 -0.5 0.166666666667 0.166666666667
44 -0.5 0.166666666667 -0.166666666667
45 -0.5 -0.166666666667 0.166666666667
46 -0.5 -0.166666666667 -0.166666666667
49 0.166666666667 0.5 0.166666666667
50 0.166666666667 0.5 -0.166666666667
51 -0.166666666667 0.5 0.166666666667
52 -0.166666666667 0.5 -0.166666666667
53 0.5 -0.166666666667 0.166666666667
54 0.5 -0.166666666667 -0.166666666667
55 0.5 0.166666666667 0.166666666667
56 0.5 0.166666666667 -0.166666666667
3 0.5 -0.166666666667 0.5
4 0.5 0.166666666667 0.5
6 0.166666666667 0.5 0.5
7 -0.166666666667 0.5 0.5
9 -0.5 0.166666666667 0.5
10 -0.5 -0.166666666667 0.5
11 -0.166666666667 -0.5 0.5
12 0.166666666667 -0.5 0.5
19 0.5 0.166666666667 -0.5
20 0.5 -0.166666666667 -0.5
22 0.166666666667 -0.5 -0.5
23 -0.166666666667 -0.5 -0.5
25 -0.5 -0.166666666667 -0.5
26 -0.5 0.166666666667 -0.5
27 -0.166666666667 0.5 -0.5
28 0.166666666667 0.5 -0.5
33 -0.5 -0.5 0.166666666667
34 -0.5 -0.5 -0.166666666667
35 0.5 -0.5 0.166666666667
36 0.5 -0.5 -0.166666666667
41 -0.5 0.5 0.166666666667
42 -0.5 0.5 -0.166666666667
47 0.5 0.5 0.166666666667
48 0.5 0.5 -0.166666666667
1 0.5 -0.5 0.5
2 0.5 0.5 0.5
5 -0.5 0.5 0.5
8 -0.5 -0.5 0.5
17 0.5 0.5 -0.5
18 0.5 -0.5 -0.5
21 -0.5 -0.5 -0.5
24 -0.5 0.5 -0.5
57 -0.166666666667 -0.166666666667 0.166666666667
58 -0.166666666667 -0.166666666667 -0.166666666667
59 -0.166666666667 0.166666666667 0.166666666667
60 -0.166666666667 0.166666666667 -0.166666666667
61 0.166666666667 -0.166666666667 0.166666666667
62 0.166666666667 -0.166666666667 -0.166666666667
63 0.166666666667 0.166666666667 0.166666666667
64 0.166666666667 0.166666666667 -0.166666666667

Vertex Associtivity
Number of Vertices = 8
ver1 1
ver2 2
ver3 5
ver4 8
ver5 17
ver6 18
ver7 21
ver8 24

Curve Associtivity
Number of Curves = 12
cur1 1 3 3 4 4 2
cur2 2 6 6 7 7 5
cur3 5 9 9 10 10 8
cur4 8 11 11 12 12 1
cur5 17 19 19 20 20 18
cur6 18 22 22 23 23 21
cur7 21 25 25 26 26 24
cur8 24 27 27 28 28 17
cur9 8 33 33 34 34 21
cur10 1 35 35 36 36 18
cur11 5 41 41 42 42 24
cur12 2 47 47 48 48 17

Surface Associtivity
Number of Surfaces = 6
sur1 1 3 13 12 3 4 14 13 4 2 6 14 12 13 15 11 13 14 16 15 14 6 7 16 11 15 10 8 15 16 9 10 16 7 5 9
sur2 17 19 29 28 19 20 30 29 20 18 22 30 28 29 31 27 29 30 32 31 30 22 23 32 27 31 26 24 31 32 25 26 32 23 21 25
sur3 8 33 37 11 33 34 38 37 34 21 23 38 11 37 39 12 37 38 40 39 38 23 22 40 12 39 35 1 39 40 36 35 40 22 18 36
sur4 5 41 43 9 41 42 44 43 42 24 26 44 9 43 45 10 43 44 46 45 44 26 25 46 10 45 33 8 45 46 34 33 46 25 21 34
sur5 2 47 49 6 47 48 50 49 48 17 28 50 6 49 51 7 49 50 52 51 50 28 27 52 7 51 41 5 51 52 42 41 52 27 24 42
sur6 1 35 53 3 35 36 54 53 36 18 20 54 3 53 55 4 53 54 56 55 54 20 19 56 4 55 47 2 55 56 48 47 56 19 17 48

Volume Associtivity
Number of Volumes = 1
vol1 8 33 45 10 11 37 57 15 33 34 46 45 37 38 58 57 34 21 25 46 38 23 32 58 10 45 43 9 15 57 59 16 45 46 44 43 57 58 60 59 46 25 26 44 58 32 31 60 9 43 41 5 16 59 51 7 43 44 42 41 59 60 52 51 44 26 24 42 60 31 27 52 11 37 57 15 12 39 61 13 37 38 58 57 39 40 62 61 38 23 32 58 40 22 30 62 15 57 59 16 13 61 63 14 57 58 60 59 61 62 64 63 58 32 31 60 62 30 29 64 16 59 51 7 14 63 49 6 59 60 52 51 63 64 50 49 60 31 27 52 64 29 28 50 12 39 61 13 1 35 53 3 39 40 62 61 35 36 54 53 40 22 30 62 36 18 20 54 13 61 63 14 3 53 55 4 61 62 64 63 53 54 56 55 62 30 29 64 54 20 19 56 14 63 49 6 4 55 47 2 63 64 50 49 55 56 48 47 64 29 28 50 56 19 17 48
